Floor 0
-1 -1 -1 -1 -1 -1 -1 -1 -1 -1 -1 -1
-1 0 0 0 0 -1 -1 0 0 0 -1 -1
-1 0 0 0 0 -1 -1 0 0 0 -1 -1
-1 0 5 0 0 -1 -1 0 3 0 -1 -1
-1 0 0 0 0 -1 -1 0 0 0 -1 -1
-1 0 0 0 0 -1 -1 0 0 0 -1 -1
-1 0 0 0 0 -1 -1 -1 -2 -1 -1 -1
-1 -1 -2 -2 -1 -1 0 0 0 0 0 -1
0 0 0 0 0 0 0 0 0 0 0 0
0 0 0 0 0 0 0 0 0 0 0 0
0 0 0 0 0 0 0 0 0 0 0 -3

Floor 1
-1 -1 -1 -1 -1 -1 -1 -1 -1 -1 -1 -1
-1 0 0 0 0 -1 -1 0 0 0 -1 -1
-1 0 0 0 0 -1 -1 0 0 0 -1 -1
-1 0 7 0 0 -1 -1 0 4 0 -1 -1
-1 0 0 0 0 -1 -1 0 0 0 -1 -1
-1 0 0 0 0 -1 -1 0 0 0 -1 -1
-1 0 0 0 0 -1 -1 -1 -2 -1 -1 -1
-1 -1 -2 -2 -1 -1 0 0 0 0 0 -1
0 0 0 0 0 0 0 0 0 0 0 0
0 0 0 0 0 0 0 0 0 0 0 0
0 0 0 0 0 0 0 0 0 0 0 -4
